0	454	0
0	372	0
0	185	0
0	442	0
0	71	0
0	336	1
0	46	1
0	349	1
0	384	0
0	56	0
0	114	0
0	37	0
0	47	0
0	113	1
0	139	0
0	184	1
0	115	0
0	288	0
0	249	0
0	425	1
0	33	0
0	426	0
0	414	0
0	218	0
0	441	1
0	440	0
0	0	0
0	287	0
0	183	0
0	311	0
0	335	1
0	286	1
0	273	0
0	334	0
0	140	1
0	165	1
0	133	1
0	55	1
1	454	0
1	372	1
1	185	0
1	442	1
1	71	1
1	336	1
1	46	1
1	349	0
1	384	0
1	56	1
1	114	0
1	37	0
1	47	1
1	113	0
1	139	0
1	184	0
1	115	1
1	288	0
1	249	0
1	425	1
1	33	0
1	426	1
1	414	0
1	218	0
1	441	0
1	440	0
1	0	0
1	287	0
1	183	1
1	311	0
1	335	0
1	286	0
1	273	0
1	334	0
1	140	0
1	165	0
1	133	0
1	55	0
2	454	0
2	372	0
2	185	0
2	442	0
2	71	1
2	336	1
2	46	0
2	349	1
2	384	0
2	56	0
2	114	0
2	37	0
2	47	1
2	113	0
2	139	0
2	184	0
2	115	0
2	288	0
2	249	0
2	425	0
2	33	0
2	426	0
2	414	0
2	218	1
2	441	0
2	440	0
2	0	0
2	287	1
2	183	0
2	311	0
2	335	0
2	286	0
2	273	0
2	334	0
2	140	0
2	165	1
2	133	1
2	55	1
3	454	0
3	372	0
3	185	0
3	442	0
3	71	1
3	336	1
3	46	0
3	349	0
3	384	0
3	56	0
3	114	0
3	37	0
3	47	1
3	113	0
3	139	0
3	184	0
3	115	0
3	288	0
3	249	0
3	425	0
3	33	0
3	426	0
3	414	0
3	218	0
3	441	0
3	440	0
3	0	0
3	287	0
3	183	0
3	311	0
3	335	0
3	286	0
3	273	0
3	334	0
3	140	0
3	165	0
3	133	0
3	55	0
4	454	0
4	372	0
4	185	0
4	442	0
4	71	1
4	336	1
4	46	0
4	349	1
4	384	0
4	56	0
4	114	0
4	37	0
4	47	1
4	113	0
4	139	0
4	184	0
4	115	0
4	288	0
4	249	0
4	425	1
4	33	0
4	426	0
4	414	1
4	218	0
4	441	0
4	440	0
4	0	1
4	287	1
4	183	0
4	311	0
4	335	0
4	286	0
4	273	0
4	334	0
4	140	0
4	165	1
4	133	1
4	55	0
5	454	1
5	372	0
5	185	1
5	442	1
5	71	1
5	336	1
5	46	1
5	349	0
5	384	1
5	56	1
5	114	0
5	37	1
5	47	0
5	113	1
5	139	1
5	184	1
5	115	0
5	288	1
5	249	1
5	425	0
5	33	1
5	426	0
5	414	0
5	218	1
5	441	0
5	440	0
5	0	1
5	287	1
5	183	0
5	311	1
5	335	1
5	286	1
5	273	0
5	334	1
5	140	0
5	165	0
5	133	0
5	55	1
6	454	0
6	372	1
6	185	1
6	442	0
6	71	1
6	336	0
6	46	1
6	349	1
6	384	1
6	56	1
6	114	1
6	37	0
6	47	0
6	113	1
6	139	0
6	184	1
6	115	0
6	288	0
6	249	0
6	425	0
6	33	0
6	426	0
6	414	0
6	218	0
6	441	0
6	440	0
6	0	1
6	287	1
6	183	0
6	311	0
6	335	0
6	286	0
6	273	0
6	334	0
6	140	1
6	165	0
6	133	0
6	55	0
7	454	1
7	372	1
7	185	0
7	442	1
7	71	1
7	336	0
7	46	0
7	349	1
7	384	1
7	56	0
7	114	1
7	37	0
7	47	0
7	113	1
7	139	0
7	184	1
7	115	1
7	288	1
7	249	0
7	425	0
7	33	0
7	426	1
7	414	0
7	218	1
7	441	0
7	440	0
7	0	1
7	287	1
7	183	0
7	311	1
7	335	1
7	286	0
7	273	0
7	334	1
7	140	1
7	165	0
7	133	0
7	55	1
8	454	0
8	372	0
8	185	0
8	442	1
8	71	0
8	336	0
8	46	1
8	349	1
8	384	1
8	56	0
8	114	1
8	37	1
8	47	0
8	113	1
8	139	0
8	184	0
8	115	1
8	288	0
8	249	0
8	425	1
8	33	0
8	426	1
8	414	1
8	218	0
8	441	0
8	440	0
8	0	0
8	287	1
8	183	1
8	311	0
8	335	0
8	286	0
8	273	1
8	334	0
8	140	1
8	165	1
8	133	0
8	55	0
9	454	1
9	372	1
9	185	1
9	442	1
9	71	1
9	336	1
9	46	1
9	349	1
9	384	1
9	56	1
9	114	0
9	37	1
9	47	1
9	113	1
9	139	1
9	184	1
9	115	1
9	288	1
9	249	0
9	425	1
9	33	1
9	426	1
9	414	1
9	218	1
9	441	0
9	440	1
9	0	1
9	287	1
9	183	0
9	311	1
9	335	1
9	286	0
9	273	1
9	334	0
9	140	1
9	165	0
9	133	0
9	55	1
10	454	0
10	372	0
10	185	1
10	442	1
10	71	0
10	336	0
10	46	1
10	349	0
10	384	0
10	56	0
10	114	1
10	37	0
10	47	0
10	113	0
10	139	0
10	184	1
10	115	1
10	288	0
10	249	1
10	425	0
10	33	0
10	426	1
10	414	0
10	218	0
10	441	1
10	440	1
10	0	1
10	287	0
10	183	0
10	311	1
10	335	1
10	286	0
10	273	1
10	334	1
10	140	0
10	165	0
10	133	0
10	55	0
11	454	1
11	372	1
11	185	1
11	442	1
11	71	1
11	336	1
11	46	0
11	349	1
11	384	1
11	56	1
11	114	0
11	37	1
11	47	1
11	113	1
11	139	1
11	184	1
11	115	1
11	288	1
11	249	0
11	425	0
11	33	0
11	426	1
11	414	0
11	218	1
11	441	1
11	440	1
11	0	1
11	287	0
11	183	0
11	311	0
11	335	1
11	286	1
11	273	1
11	334	1
11	140	1
11	165	0
11	133	0
11	55	1
12	454	1
12	372	1
12	185	0
12	442	1
12	71	0
12	336	0
12	46	1
12	349	1
12	384	0
12	56	0
12	114	0
12	37	0
12	47	1
12	113	0
12	139	0
12	184	0
12	115	0
12	288	0
12	249	0
12	425	0
12	33	0
12	426	0
12	414	0
12	218	0
12	441	0
12	440	1
12	0	0
12	287	0
12	183	0
12	311	0
12	335	0
12	286	1
12	273	0
12	334	0
12	140	1
12	165	0
12	133	0
12	55	0
13	454	1
13	372	1
13	185	1
13	442	1
13	71	1
13	336	1
13	46	0
13	349	1
13	384	0
13	56	0
13	114	1
13	37	1
13	47	1
13	113	1
13	139	1
13	184	0
13	115	1
13	288	1
13	249	1
13	425	1
13	33	0
13	426	1
13	414	1
13	218	1
13	441	1
13	440	1
13	0	1
13	287	0
13	183	1
13	311	1
13	335	1
13	286	1
13	273	1
13	334	1
13	140	1
13	165	1
13	133	1
13	55	1
14	454	1
14	372	0
14	185	0
14	442	1
14	71	0
14	336	1
14	46	0
14	349	1
14	384	0
14	56	1
14	114	0
14	37	1
14	47	1
14	113	1
14	139	1
14	184	1
14	115	1
14	288	1
14	249	1
14	425	0
14	33	0
14	426	0
14	414	1
14	218	1
14	441	1
14	440	1
14	0	0
14	287	1
14	183	0
14	311	0
14	335	1
14	286	1
14	273	0
14	334	0
14	140	1
14	165	1
14	133	1
14	55	1
15	454	0
15	372	1
15	185	0
15	442	0
15	71	1
15	336	1
15	46	1
15	349	1
15	384	1
15	56	0
15	114	1
15	37	0
15	47	1
15	113	1
15	139	1
15	184	0
15	115	1
15	288	0
15	249	1
15	425	1
15	33	1
15	426	1
15	414	1
15	218	0
15	441	0
15	440	1
15	0	0
15	287	0
15	183	0
15	311	0
15	335	1
15	286	1
15	273	1
15	334	1
15	140	1
15	165	1
15	133	1
15	55	1
16	454	0
16	372	1
16	185	0
16	442	0
16	71	0
16	336	0
16	46	0
16	349	1
16	384	1
16	56	0
16	114	0
16	37	1
16	47	1
16	113	0
16	139	1
16	184	0
16	115	1
16	288	0
16	249	1
16	425	0
16	33	0
16	426	0
16	414	0
16	218	0
16	441	0
16	440	1
16	0	1
16	287	0
16	183	0
16	311	0
16	335	0
16	286	1
16	273	0
16	334	1
16	140	1
16	165	0
16	133	0
16	55	0
17	454	1
17	372	1
17	185	0
17	442	0
17	71	1
17	336	0
17	46	1
17	349	0
17	384	1
17	56	0
17	114	0
17	37	1
17	47	1
17	113	1
17	139	1
17	184	1
17	115	1
17	288	0
17	249	1
17	425	1
17	33	0
17	426	1
17	414	0
17	218	1
17	441	1
17	440	1
17	0	1
17	287	1
17	183	0
17	311	1
17	335	1
17	286	1
17	273	1
17	334	1
17	140	1
17	165	1
17	133	1
17	55	1
18	454	1
18	372	1
18	185	1
18	442	1
18	71	1
18	336	1
18	46	0
18	349	1
18	384	1
18	56	1
18	114	1
18	37	1
18	47	0
18	113	0
18	139	0
18	184	1
18	115	1
18	288	1
18	249	1
18	425	1
18	33	1
18	426	1
18	414	1
18	218	1
18	441	1
18	440	1
18	0	1
18	287	1
18	183	1
18	311	1
18	335	1
18	286	0
18	273	1
18	334	1
18	140	1
18	165	1
18	133	1
18	55	1
19	454	1
19	372	0
19	185	1
19	442	0
19	71	1
19	336	0
19	46	1
19	349	0
19	384	1
19	56	0
19	114	0
19	37	1
19	47	1
19	113	0
19	139	1
19	184	0
19	115	1
19	288	0
19	249	0
19	425	0
19	33	0
19	426	0
19	414	0
19	218	1
19	441	1
19	440	1
19	0	0
19	287	0
19	183	0
19	311	0
19	335	0
19	286	1
19	273	1
19	334	1
19	140	1
19	165	1
19	133	1
19	55	0
20	454	1
20	372	1
20	185	0
20	442	0
20	71	0
20	336	0
20	46	0
20	349	0
20	384	1
20	56	0
20	114	0
20	37	0
20	47	1
20	113	0
20	139	1
20	184	0
20	115	0
20	288	0
20	249	1
20	425	0
20	33	1
20	426	0
20	414	0
20	218	0
20	441	1
20	440	1
20	0	0
20	287	1
20	183	0
20	311	0
20	335	1
20	286	1
20	273	0
20	334	0
20	140	0
20	165	0
20	133	0
20	55	0
21	454	0
21	372	1
21	185	0
21	442	0
21	71	0
21	336	0
21	46	0
21	349	0
21	384	0
21	56	0
21	114	1
21	37	1
21	47	1
21	113	0
21	139	0
21	184	0
21	115	0
21	288	0
21	249	1
21	425	1
21	33	1
21	426	0
21	414	0
21	218	0
21	441	1
21	440	1
21	0	0
21	287	0
21	183	0
21	311	1
21	335	1
21	286	1
21	273	1
21	334	1
21	140	0
21	165	0
21	133	0
21	55	1
22	454	1
22	372	1
22	185	1
22	442	1
22	71	1
22	336	1
22	46	1
22	349	1
22	384	1
22	56	1
22	114	1
22	37	1
22	47	1
22	113	1
22	139	1
22	184	1
22	115	1
22	288	0
22	249	1
22	425	1
22	33	1
22	426	1
22	414	0
22	218	1
22	441	1
22	440	1
22	0	1
22	287	1
22	183	1
22	311	0
22	335	1
22	286	1
22	273	1
22	334	1
22	140	1
22	165	1
22	133	1
22	55	1
23	454	1
23	372	0
23	185	1
23	442	1
23	71	1
23	336	1
23	46	0
23	349	0
23	384	1
23	56	0
23	114	1
23	37	1
23	47	1
23	113	0
23	139	0
23	184	1
23	115	0
23	288	0
23	249	1
23	425	1
23	33	1
23	426	0
23	414	0
23	218	0
23	441	1
23	440	0
23	0	0
23	287	0
23	183	1
23	311	0
23	335	0
23	286	0
23	273	0
23	334	0
23	140	0
23	165	0
23	133	0
23	55	0
24	454	0
24	372	1
24	185	1
24	442	1
24	71	0
24	336	0
24	46	0
24	349	1
24	384	0
24	56	0
24	114	0
24	37	0
24	47	1
24	113	0
24	139	0
24	184	0
24	115	0
24	288	0
24	249	0
24	425	1
24	33	0
24	426	0
24	414	0
24	218	0
24	441	1
24	440	0
24	0	0
24	287	0
24	183	0
24	311	0
24	335	1
24	286	1
24	273	1
24	334	0
24	140	0
24	165	1
24	133	1
24	55	0
25	454	0
25	372	0
25	185	1
25	442	1
25	71	0
25	336	0
25	46	0
25	349	1
25	384	0
25	56	0
25	114	0
25	37	0
25	47	1
25	113	0
25	139	1
25	184	0
25	115	1
25	288	1
25	249	0
25	425	1
25	33	0
25	426	0
25	414	1
25	218	0
25	441	1
25	440	0
25	0	0
25	287	0
25	183	0
25	311	0
25	335	1
25	286	1
25	273	0
25	334	1
25	140	0
25	165	1
25	133	0
25	55	1
26	454	0
26	372	0
26	185	0
26	442	0
26	71	0
26	336	0
26	46	0
26	349	0
26	384	0
26	56	1
26	114	0
26	37	0
26	47	1
26	113	1
26	139	1
26	184	1
26	115	1
26	288	0
26	249	0
26	425	1
26	33	1
26	426	0
26	414	0
26	218	0
26	441	1
26	440	0
26	0	0
26	287	0
26	183	0
26	311	0
26	335	1
26	286	1
26	273	0
26	334	1
26	140	0
26	165	1
26	133	1
26	55	0
27	454	0
27	372	0
27	185	0
27	442	0
27	71	0
27	336	0
27	46	1
27	349	0
27	384	0
27	56	0
27	114	0
27	37	1
27	47	0
27	113	0
27	139	0
27	184	1
27	115	0
27	288	1
27	249	0
27	425	0
27	33	0
27	426	0
27	414	1
27	218	0
27	441	1
27	440	0
27	0	1
27	287	0
27	183	1
27	311	1
27	335	1
27	286	1
27	273	0
27	334	0
27	140	0
27	165	0
27	133	0
27	55	0
28	454	0
28	372	1
28	185	1
28	442	0
28	71	1
28	336	1
28	46	0
28	349	0
28	384	1
28	56	1
28	114	1
28	37	1
28	47	0
28	113	1
28	139	0
28	184	1
28	115	0
28	288	0
28	249	1
28	425	0
28	33	1
28	426	1
28	414	1
28	218	0
28	441	0
28	440	1
28	0	0
28	287	1
28	183	1
28	311	0
28	335	1
28	286	1
28	273	1
28	334	1
28	140	0
28	165	0
28	133	0
28	55	1
29	454	1
29	372	1
29	185	1
29	442	0
29	71	1
29	336	0
29	46	0
29	349	0
29	384	1
29	56	0
29	114	0
29	37	1
29	47	0
29	113	0
29	139	1
29	184	0
29	115	1
29	288	0
29	249	0
29	425	1
29	33	1
29	426	0
29	414	0
29	218	0
29	441	1
29	440	1
29	0	0
29	287	0
29	183	1
29	311	0
29	335	1
29	286	1
29	273	1
29	334	1
29	140	1
29	165	0
29	133	1
29	55	1
30	454	1
30	372	0
30	185	1
30	442	0
30	71	1
30	336	1
30	46	1
30	349	0
30	384	0
30	56	1
30	114	1
30	37	1
30	47	0
30	113	0
30	139	1
30	184	0
30	115	1
30	288	1
30	249	1
30	425	1
30	33	1
30	426	1
30	414	1
30	218	1
30	441	0
30	440	0
30	0	0
30	287	1
30	183	1
30	311	1
30	335	1
30	286	0
30	273	1
30	334	1
30	140	0
30	165	1
30	133	1
30	55	1
31	454	1
31	372	0
31	185	0
31	442	1
31	71	0
31	336	0
31	46	0
31	349	0
31	384	1
31	56	0
31	114	0
31	37	0
31	47	0
31	113	1
31	139	1
31	184	1
31	115	1
31	288	0
31	249	1
31	425	0
31	33	0
31	426	0
31	414	0
31	218	1
31	441	0
31	440	1
31	0	1
31	287	0
31	183	1
31	311	0
31	335	0
31	286	0
31	273	0
31	334	0
31	140	1
31	165	0
31	133	0
31	55	1
32	454	1
32	372	0
32	185	1
32	442	1
32	71	1
32	336	1
32	46	0
32	349	0
32	384	0
32	56	1
32	114	1
32	37	1
32	47	0
32	113	0
32	139	1
32	184	0
32	115	0
32	288	0
32	249	1
32	425	0
32	33	1
32	426	1
32	414	0
32	218	0
32	441	1
32	440	1
32	0	0
32	287	0
32	183	1
32	311	0
32	335	1
32	286	1
32	273	1
32	334	1
32	140	0
32	165	0
32	133	0
32	55	0
33	454	1
33	372	1
33	185	0
33	442	1
33	71	1
33	336	0
33	46	0
33	349	0
33	384	1
33	56	0
33	114	0
33	37	1
33	47	0
33	113	0
33	139	1
33	184	1
33	115	1
33	288	0
33	249	1
33	425	0
33	33	1
33	426	1
33	414	0
33	218	0
33	441	0
33	440	1
33	0	0
33	287	0
33	183	1
33	311	0
33	335	0
33	286	1
33	273	0
33	334	1
33	140	1
33	165	0
33	133	0
33	55	0
34	454	1
34	372	1
34	185	1
34	442	1
34	71	0
34	336	1
34	46	0
34	349	1
34	384	1
34	56	1
34	114	0
34	37	0
34	47	1
34	113	1
34	139	1
34	184	1
34	115	1
34	288	0
34	249	1
34	425	1
34	33	1
34	426	0
34	414	0
34	218	0
34	441	0
34	440	1
34	0	0
34	287	1
34	183	1
34	311	1
34	335	1
34	286	1
34	273	1
34	334	1
34	140	1
34	165	0
34	133	0
34	55	1
35	454	1
35	372	1
35	185	1
35	442	0
35	71	0
35	336	0
35	46	1
35	349	0
35	384	0
35	56	0
35	114	0
35	37	0
35	47	0
35	113	0
35	139	1
35	184	0
35	115	0
35	288	1
35	249	0
35	425	0
35	33	0
35	426	1
35	414	0
35	218	0
35	441	1
35	440	1
35	0	1
35	287	0
35	183	1
35	311	0
35	335	0
35	286	0
35	273	0
35	334	1
35	140	0
35	165	0
35	133	1
35	55	0
36	454	0
36	372	1
36	185	0
36	442	0
36	71	1
36	336	0
36	46	1
36	349	1
36	384	1
36	56	0
36	114	0
36	37	0
36	47	0
36	113	0
36	139	1
36	184	0
36	115	0
36	288	0
36	249	0
36	425	0
36	33	1
36	426	0
36	414	0
36	218	0
36	441	1
36	440	0
36	0	0
36	287	0
36	183	1
36	311	0
36	335	0
36	286	1
36	273	0
36	334	0
36	140	0
36	165	0
36	133	0
36	55	0
37	454	0
37	372	1
37	185	0
37	442	0
37	71	1
37	336	0
37	46	0
37	349	1
37	384	1
37	56	0
37	114	1
37	37	0
37	47	1
37	113	0
37	139	1
37	184	0
37	115	1
37	288	0
37	249	0
37	425	1
37	33	1
37	426	0
37	414	0
37	218	0
37	441	1
37	440	0
37	0	0
37	287	0
37	183	1
37	311	1
37	335	1
37	286	1
37	273	0
37	334	1
37	140	1
37	165	1
37	133	0
37	55	1
38	454	0
38	372	0
38	185	1
38	442	0
38	71	0
38	336	0
38	46	1
38	349	0
38	384	1
38	56	0
38	114	0
38	37	1
38	47	0
38	113	1
38	139	1
38	184	1
38	115	1
38	288	1
38	249	0
38	425	0
38	33	1
38	426	0
38	414	0
38	218	1
38	441	1
38	440	1
38	0	0
38	287	1
38	183	1
38	311	0
38	335	1
38	286	1
38	273	1
38	334	1
38	140	0
38	165	0
38	133	0
38	55	1
39	454	0
39	372	1
39	185	0
39	442	0
39	71	1
39	336	0
39	46	0
39	349	1
39	384	1
39	56	0
39	114	1
39	37	0
39	47	1
39	113	0
39	139	1
39	184	0
39	115	0
39	288	0
39	249	0
39	425	1
39	33	0
39	426	0
39	414	0
39	218	0
39	441	1
39	440	1
39	0	0
39	287	0
39	183	1
39	311	0
39	335	0
39	286	1
39	273	0
39	334	1
39	140	0
39	165	0
39	133	0
39	55	0
40	454	1
40	372	1
40	185	0
40	442	1
40	71	0
40	336	1
40	46	0
40	349	0
40	384	1
40	56	0
40	114	0
40	37	0
40	47	0
40	113	0
40	139	1
40	184	0
40	115	1
40	288	1
40	249	0
40	425	0
40	33	0
40	426	0
40	414	0
40	218	1
40	441	0
40	440	1
40	0	0
40	287	1
40	183	1
40	311	0
40	335	1
40	286	1
40	273	1
40	334	0
40	140	1
40	165	0
40	133	1
40	55	1
41	454	0
41	372	1
41	185	0
41	442	0
41	71	0
41	336	0
41	46	0
41	349	1
41	384	1
41	56	0
41	114	0
41	37	0
41	47	0
41	113	0
41	139	1
41	184	0
41	115	0
41	288	1
41	249	0
41	425	0
41	33	0
41	426	0
41	414	0
41	218	0
41	441	1
41	440	0
41	0	0
41	287	0
41	183	0
41	311	0
41	335	0
41	286	1
41	273	0
41	334	0
41	140	0
41	165	0
41	133	0
41	55	1
42	454	1
42	372	1
42	185	1
42	442	1
42	71	1
42	336	1
42	46	1
42	349	1
42	384	1
42	56	1
42	114	1
42	37	1
42	47	0
42	113	0
42	139	1
42	184	1
42	115	1
42	288	1
42	249	1
42	425	0
42	33	0
42	426	1
42	414	0
42	218	1
42	441	1
42	440	1
42	0	1
42	287	0
42	183	1
42	311	1
42	335	1
42	286	1
42	273	1
42	334	1
42	140	1
42	165	1
42	133	1
42	55	1
43	454	1
43	372	1
43	185	1
43	442	0
43	71	1
43	336	1
43	46	1
43	349	0
43	384	1
43	56	1
43	114	1
43	37	1
43	47	0
43	113	0
43	139	1
43	184	1
43	115	0
43	288	0
43	249	1
43	425	0
43	33	0
43	426	1
43	414	0
43	218	0
43	441	1
43	440	1
43	0	0
43	287	1
43	183	1
43	311	1
43	335	1
43	286	1
43	273	1
43	334	1
43	140	0
43	165	1
43	133	0
43	55	1
44	454	1
44	372	1
44	185	1
44	442	1
44	71	1
44	336	1
44	46	1
44	349	0
44	384	0
44	56	1
44	114	1
44	37	1
44	47	1
44	113	1
44	139	1
44	184	1
44	115	1
44	288	1
44	249	0
44	425	0
44	33	1
44	426	0
44	414	0
44	218	1
44	441	1
44	440	1
44	0	0
44	287	1
44	183	1
44	311	1
44	335	1
44	286	1
44	273	1
44	334	1
44	140	1
44	165	1
44	133	1
44	55	1
45	454	1
45	372	1
45	185	1
45	442	0
45	71	0
45	336	1
45	46	0
45	349	0
45	384	1
45	56	1
45	114	1
45	37	1
45	47	1
45	113	1
45	139	1
45	184	0
45	115	1
45	288	1
45	249	1
45	425	0
45	33	1
45	426	0
45	414	0
45	218	0
45	441	1
45	440	1
45	0	0
45	287	0
45	183	1
45	311	0
45	335	1
45	286	1
45	273	1
45	334	1
45	140	1
45	165	1
45	133	1
45	55	1
46	454	1
46	372	1
46	185	0
46	442	0
46	71	0
46	336	1
46	46	1
46	349	1
46	384	1
46	56	0
46	114	0
46	37	1
46	47	0
46	113	1
46	139	1
46	184	0
46	115	1
46	288	1
46	249	1
46	425	0
46	33	1
46	426	1
46	414	0
46	218	0
46	441	0
46	440	1
46	0	0
46	287	1
46	183	1
46	311	0
46	335	1
46	286	1
46	273	1
46	334	1
46	140	0
46	165	0
46	133	1
46	55	1
47	454	0
47	372	0
47	185	1
47	442	0
47	71	1
47	336	1
47	46	1
47	349	1
47	384	1
47	56	0
47	114	1
47	37	0
47	47	1
47	113	1
47	139	1
47	184	1
47	115	1
47	288	0
47	249	1
47	425	0
47	33	0
47	426	1
47	414	0
47	218	1
47	441	0
47	440	1
47	0	0
47	287	1
47	183	0
47	311	1
47	335	1
47	286	0
47	273	0
47	334	1
47	140	0
47	165	1
47	133	1
47	55	1
48	454	1
48	372	1
48	185	1
48	442	1
48	71	1
48	336	1
48	46	1
48	349	1
48	384	1
48	56	1
48	114	1
48	37	1
48	47	0
48	113	1
48	139	1
48	184	1
48	115	1
48	288	1
48	249	1
48	425	1
48	33	1
48	426	1
48	414	1
48	218	1
48	441	1
48	440	1
48	0	1
48	287	1
48	183	1
48	311	1
48	335	1
48	286	0
48	273	1
48	334	1
48	140	1
48	165	1
48	133	1
48	55	1
49	454	1
49	372	0
49	185	1
49	442	1
49	71	1
49	336	1
49	46	1
49	349	1
49	384	0
49	56	1
49	114	1
49	37	1
49	47	0
49	113	1
49	139	1
49	184	1
49	115	1
49	288	1
49	249	1
49	425	1
49	33	1
49	426	1
49	414	1
49	218	1
49	441	0
49	440	0
49	0	1
49	287	1
49	183	1
49	311	1
49	335	1
49	286	0
49	273	1
49	334	1
49	140	1
49	165	1
49	133	1
49	55	1
50	454	0
50	372	0
50	185	0
50	442	0
50	71	1
50	336	1
50	46	1
50	349	1
50	384	0
50	56	0
50	114	1
50	37	0
50	47	0
50	113	0
50	139	0
50	184	1
50	115	0
50	288	0
50	249	0
50	425	1
50	33	0
50	426	0
50	414	0
50	218	0
50	441	0
50	440	0
50	0	0
50	287	0
50	183	0
50	311	0
50	335	1
50	286	0
50	273	0
50	334	1
50	140	1
50	165	1
50	133	1
50	55	0
51	454	0
51	372	1
51	185	0
51	442	0
51	71	0
51	336	0
51	46	1
51	349	1
51	384	1
51	56	0
51	114	0
51	37	0
51	47	1
51	113	1
51	139	0
51	184	1
51	115	0
51	288	0
51	249	1
51	425	1
51	33	1
51	426	0
51	414	0
51	218	0
51	441	0
51	440	1
51	0	0
51	287	0
51	183	0
51	311	0
51	335	0
51	286	1
51	273	0
51	334	0
51	140	0
51	165	0
51	133	0
51	55	1
52	454	0
52	372	1
52	185	1
52	442	1
52	71	1
52	336	1
52	46	1
52	349	1
52	384	1
52	56	1
52	114	1
52	37	0
52	47	1
52	113	0
52	139	0
52	184	1
52	115	1
52	288	0
52	249	0
52	425	1
52	33	0
52	426	1
52	414	0
52	218	0
52	441	0
52	440	0
52	0	0
52	287	0
52	183	0
52	311	0
52	335	1
52	286	1
52	273	0
52	334	1
52	140	0
52	165	0
52	133	1
52	55	0
53	454	1
53	372	1
53	185	0
53	442	1
53	71	0
53	336	0
53	46	0
53	349	1
53	384	0
53	56	1
53	114	0
53	37	0
53	47	1
53	113	1
53	139	1
53	184	1
53	115	0
53	288	1
53	249	1
53	425	1
53	33	0
53	426	0
53	414	1
53	218	1
53	441	1
53	440	1
53	0	0
53	287	0
53	183	0
53	311	0
53	335	1
53	286	1
53	273	0
53	334	0
53	140	1
53	165	1
53	133	1
53	55	1
54	454	1
54	372	1
54	185	0
54	442	1
54	71	0
54	336	1
54	46	0
54	349	0
54	384	0
54	56	1
54	114	1
54	37	0
54	47	1
54	113	0
54	139	0
54	184	1
54	115	1
54	288	1
54	249	1
54	425	1
54	33	1
54	426	1
54	414	0
54	218	1
54	441	0
54	440	0
54	0	0
54	287	1
54	183	1
54	311	1
54	335	1
54	286	0
54	273	1
54	334	0
54	140	1
54	165	1
54	133	1
54	55	0
55	454	1
55	372	1
55	185	0
55	442	1
55	71	0
55	336	1
55	46	0
55	349	1
55	384	1
55	56	0
55	114	1
55	37	0
55	47	1
55	113	1
55	139	0
55	184	1
55	115	1
55	288	0
55	249	1
55	425	1
55	33	1
55	426	0
55	414	0
55	218	1
55	441	0
55	440	0
55	0	1
55	287	1
55	183	1
55	311	1
55	335	1
55	286	0
55	273	0
55	334	0
55	140	0
55	165	1
55	133	1
55	55	1
56	454	1
56	372	1
56	185	1
56	442	1
56	71	0
56	336	1
56	46	0
56	349	1
56	384	1
56	56	1
56	114	1
56	37	0
56	47	1
56	113	1
56	139	0
56	184	1
56	115	1
56	288	1
56	249	0
56	425	1
56	33	1
56	426	1
56	414	0
56	218	0
56	441	0
56	440	0
56	0	0
56	287	0
56	183	0
56	311	1
56	335	1
56	286	0
56	273	0
56	334	1
56	140	1
56	165	1
56	133	0
56	55	0
57	454	0
57	372	0
57	185	0
57	442	0
57	71	0
57	336	0
57	46	0
57	349	0
57	384	0
57	56	0
57	114	1
57	37	0
57	47	0
57	113	0
57	139	0
57	184	0
57	115	0
57	288	1
57	249	0
57	425	1
57	33	0
57	426	1
57	414	0
57	218	0
57	441	0
57	440	0
57	0	0
57	287	1
57	183	0
57	311	1
57	335	1
57	286	0
57	273	1
57	334	0
57	140	0
57	165	1
57	133	0
57	55	1
58	454	1
58	372	0
58	185	0
58	442	1
58	71	1
58	336	1
58	46	0
58	349	0
58	384	0
58	56	1
58	114	1
58	37	1
58	47	0
58	113	1
58	139	1
58	184	0
58	115	1
58	288	0
58	249	1
58	425	1
58	33	1
58	426	1
58	414	0
58	218	0
58	441	0
58	440	1
58	0	1
58	287	1
58	183	1
58	311	0
58	335	1
58	286	1
58	273	1
58	334	0
58	140	0
58	165	1
58	133	0
58	55	0
59	454	0
59	372	1
59	185	0
59	442	0
59	71	0
59	336	1
59	46	1
59	349	1
59	384	0
59	56	0
59	114	1
59	37	0
59	47	1
59	113	1
59	139	0
59	184	1
59	115	0
59	288	0
59	249	0
59	425	1
59	33	0
59	426	0
59	414	0
59	218	0
59	441	0
59	440	0
59	0	1
59	287	0
59	183	0
59	311	0
59	335	1
59	286	0
59	273	0
59	334	0
59	140	0
59	165	0
59	133	0
59	55	0
60	454	0
60	372	0
60	185	0
60	442	0
60	71	0
60	336	0
60	46	1
60	349	1
60	384	0
60	56	1
60	114	1
60	37	0
60	47	1
60	113	0
60	139	0
60	184	1
60	115	0
60	288	0
60	249	0
60	425	1
60	33	0
60	426	1
60	414	0
60	218	0
60	441	1
60	440	1
60	0	1
60	287	0
60	183	1
60	311	0
60	335	1
60	286	0
60	273	0
60	334	0
60	140	1
60	165	0
60	133	0
60	55	1
61	454	1
61	372	0
61	185	1
61	442	0
61	71	1
61	336	1
61	46	1
61	349	0
61	384	0
61	56	1
61	114	1
61	37	1
61	47	0
61	113	1
61	139	1
61	184	0
61	115	1
61	288	1
61	249	0
61	425	1
61	33	0
61	426	1
61	414	0
61	218	0
61	441	1
61	440	1
61	0	1
61	287	1
61	183	1
61	311	1
61	335	1
61	286	0
61	273	1
61	334	0
61	140	1
61	165	0
61	133	0
61	55	1
62	454	0
62	372	0
62	185	0
62	442	1
62	71	1
62	336	0
62	46	0
62	349	1
62	384	1
62	56	0
62	114	1
62	37	0
62	47	0
62	113	1
62	139	0
62	184	0
62	115	0
62	288	0
62	249	1
62	425	1
62	33	0
62	426	0
62	414	0
62	218	0
62	441	0
62	440	0
62	0	0
62	287	1
62	183	0
62	311	0
62	335	1
62	286	0
62	273	0
62	334	0
62	140	1
62	165	1
62	133	0
62	55	0
63	454	0
63	372	0
63	185	1
63	442	0
63	71	0
63	336	1
63	46	0
63	349	0
63	384	1
63	56	0
63	114	0
63	37	0
63	47	1
63	113	0
63	139	0
63	184	0
63	115	0
63	288	0
63	249	1
63	425	0
63	33	0
63	426	0
63	414	1
63	218	0
63	441	0
63	440	1
63	0	0
63	287	0
63	183	0
63	311	0
63	335	0
63	286	1
63	273	1
63	334	1
63	140	0
63	165	1
63	133	1
63	55	0
64	454	0
64	372	0
64	185	0
64	442	0
64	71	0
64	336	0
64	46	1
64	349	0
64	384	1
64	56	0
64	114	0
64	37	0
64	47	0
64	113	0
64	139	0
64	184	0
64	115	0
64	288	0
64	249	0
64	425	0
64	33	0
64	426	0
64	414	0
64	218	0
64	441	0
64	440	0
64	0	0
64	287	0
64	183	0
64	311	0
64	335	0
64	286	0
64	273	1
64	334	0
64	140	0
64	165	0
64	133	0
64	55	0
65	454	0
65	372	0
65	185	0
65	442	0
65	71	0
65	336	0
65	46	0
65	349	1
65	384	1
65	56	0
65	114	1
65	37	0
65	47	0
65	113	1
65	139	0
65	184	0
65	115	1
65	288	1
65	249	1
65	425	0
65	33	0
65	426	1
65	414	1
65	218	0
65	441	0
65	440	0
65	0	0
65	287	1
65	183	1
65	311	1
65	335	1
65	286	0
65	273	1
65	334	0
65	140	1
65	165	0
65	133	0
65	55	0
66	454	0
66	372	1
66	185	1
66	442	0
66	71	1
66	336	0
66	46	1
66	349	0
66	384	0
66	56	1
66	114	1
66	37	0
66	47	0
66	113	1
66	139	1
66	184	0
66	115	0
66	288	1
66	249	1
66	425	1
66	33	0
66	426	1
66	414	0
66	218	1
66	441	0
66	440	0
66	0	0
66	287	1
66	183	0
66	311	1
66	335	1
66	286	0
66	273	1
66	334	1
66	140	1
66	165	0
66	133	0
66	55	0
67	454	1
67	372	1
67	185	0
67	442	1
67	71	1
67	336	1
67	46	0
67	349	1
67	384	1
67	56	1
67	114	1
67	37	1
67	47	0
67	113	1
67	139	1
67	184	0
67	115	1
67	288	0
67	249	1
67	425	0
67	33	0
67	426	1
67	414	0
67	218	1
67	441	0
67	440	1
67	0	0
67	287	1
67	183	1
67	311	1
67	335	1
67	286	0
67	273	1
67	334	0
67	140	1
67	165	0
67	133	0
67	55	1
68	454	1
68	372	0
68	185	1
68	442	1
68	71	1
68	336	1
68	46	1
68	349	0
68	384	1
68	56	0
68	114	0
68	37	1
68	47	1
68	113	0
68	139	0
68	184	0
68	115	0
68	288	1
68	249	1
68	425	0
68	33	0
68	426	1
68	414	0
68	218	1
68	441	1
68	440	0
68	0	1
68	287	0
68	183	1
68	311	1
68	335	1
68	286	0
68	273	0
68	334	0
68	140	0
68	165	0
68	133	0
68	55	0
69	454	0
69	372	1
69	185	0
69	442	1
69	71	0
69	336	0
69	46	1
69	349	0
69	384	1
69	56	0
69	114	1
69	37	0
69	47	1
69	113	1
69	139	0
69	184	0
69	115	1
69	288	0
69	249	1
69	425	0
69	33	1
69	426	1
69	414	0
69	218	1
69	441	0
69	440	0
69	0	1
69	287	1
69	183	1
69	311	1
69	335	1
69	286	0
69	273	1
69	334	0
69	140	1
69	165	0
69	133	0
69	55	0
70	454	1
70	372	0
70	185	1
70	442	1
70	71	1
70	336	0
70	46	1
70	349	1
70	384	0
70	56	1
70	114	1
70	37	1
70	47	1
70	113	0
70	139	0
70	184	0
70	115	1
70	288	1
70	249	1
70	425	0
70	33	1
70	426	1
70	414	0
70	218	1
70	441	0
70	440	1
70	0	1
70	287	1
70	183	1
70	311	0
70	335	0
70	286	0
70	273	1
70	334	0
70	140	1
70	165	0
70	133	0
70	55	1
71	454	0
71	372	0
71	185	0
71	442	0
71	71	0
71	336	0
71	46	1
71	349	1
71	384	1
71	56	1
71	114	0
71	37	0
71	47	0
71	113	1
71	139	0
71	184	0
71	115	1
71	288	0
71	249	1
71	425	0
71	33	0
71	426	1
71	414	0
71	218	1
71	441	0
71	440	0
71	0	0
71	287	1
71	183	1
71	311	1
71	335	1
71	286	0
71	273	1
71	334	0
71	140	1
71	165	0
71	133	1
71	55	1
72	454	1
72	372	0
72	185	0
72	442	0
72	71	0
72	336	1
72	46	1
72	349	0
72	384	1
72	56	0
72	114	0
72	37	0
72	47	1
72	113	0
72	139	0
72	184	0
72	115	0
72	288	0
72	249	0
72	425	0
72	33	0
72	426	1
72	414	0
72	218	1
72	441	0
72	440	0
72	0	1
72	287	0
72	183	0
72	311	0
72	335	0
72	286	0
72	273	0
72	334	0
72	140	0
72	165	0
72	133	0
72	55	0
73	454	1
73	372	0
73	185	0
73	442	0
73	71	1
73	336	1
73	46	1
73	349	1
73	384	1
73	56	1
73	114	1
73	37	1
73	47	1
73	113	1
73	139	1
73	184	1
73	115	1
73	288	1
73	249	1
73	425	0
73	33	1
73	426	1
73	414	1
73	218	1
73	441	0
73	440	1
73	0	1
73	287	1
73	183	1
73	311	1
73	335	1
73	286	1
73	273	1
73	334	1
73	140	1
73	165	1
73	133	1
73	55	1
74	454	0
74	372	0
74	185	1
74	442	0
74	71	1
74	336	1
74	46	1
74	349	1
74	384	1
74	56	0
74	114	0
74	37	0
74	47	0
74	113	0
74	139	0
74	184	1
74	115	0
74	288	0
74	249	1
74	425	0
74	33	0
74	426	1
74	414	0
74	218	1
74	441	0
74	440	0
74	0	0
74	287	1
74	183	0
74	311	0
74	335	1
74	286	0
74	273	0
74	334	0
74	140	1
74	165	0
74	133	0
74	55	1
75	454	0
75	372	0
75	185	0
75	442	0
75	71	0
75	336	0
75	46	1
75	349	1
75	384	0
75	56	1
75	114	0
75	37	0
75	47	0
75	113	0
75	139	0
75	184	0
75	115	1
75	288	1
75	249	1
75	425	0
75	33	0
75	426	0
75	414	0
75	218	1
75	441	0
75	440	0
75	0	0
75	287	1
75	183	0
75	311	1
75	335	1
75	286	0
75	273	1
75	334	0
75	140	1
75	165	0
75	133	0
75	55	0
76	454	0
76	372	1
76	185	0
76	442	0
76	71	0
76	336	0
76	46	0
76	349	0
76	384	0
76	56	0
76	114	0
76	37	0
76	47	0
76	113	0
76	139	0
76	184	0
76	115	0
76	288	0
76	249	0
76	425	0
76	33	0
76	426	0
76	414	1
76	218	0
76	441	0
76	440	0
76	0	0
76	287	0
76	183	0
76	311	0
76	335	1
76	286	0
76	273	0
76	334	0
76	140	1
76	165	0
76	133	0
76	55	0
77	454	1
77	372	1
77	185	0
77	442	0
77	71	1
77	336	1
77	46	1
77	349	1
77	384	1
77	56	1
77	114	1
77	37	0
77	47	0
77	113	0
77	139	1
77	184	1
77	115	1
77	288	1
77	249	1
77	425	0
77	33	1
77	426	0
77	414	0
77	218	1
77	441	1
77	440	1
77	0	0
77	287	0
77	183	1
77	311	0
77	335	1
77	286	0
77	273	0
77	334	0
77	140	1
77	165	1
77	133	0
77	55	1
78	454	0
78	372	0
78	185	1
78	442	1
78	71	1
78	336	1
78	46	0
78	349	1
78	384	0
78	56	1
78	114	0
78	37	1
78	47	0
78	113	1
78	139	0
78	184	1
78	115	1
78	288	0
78	249	1
78	425	1
78	33	0
78	426	1
78	414	0
78	218	1
78	441	0
78	440	1
78	0	1
78	287	1
78	183	1
78	311	1
78	335	1
78	286	0
78	273	0
78	334	1
78	140	0
78	165	0
78	133	0
78	55	0
79	454	1
79	372	1
79	185	1
79	442	0
79	71	0
79	336	0
79	46	1
79	349	0
79	384	1
79	56	0
79	114	1
79	37	0
79	47	1
79	113	0
79	139	0
79	184	1
79	115	0
79	288	1
79	249	1
79	425	1
79	33	0
79	426	0
79	414	0
79	218	0
79	441	1
79	440	0
79	0	0
79	287	0
79	183	1
79	311	0
79	335	1
79	286	1
79	273	0
79	334	1
79	140	0
79	165	1
79	133	1
79	55	1
80	454	0
80	372	1
80	185	0
80	442	0
80	71	1
80	336	0
80	46	1
80	349	0
80	384	1
80	56	0
80	114	0
80	37	0
80	47	0
80	113	0
80	139	0
80	184	1
80	115	0
80	288	0
80	249	1
80	425	0
80	33	1
80	426	0
80	414	0
80	218	0
80	441	0
80	440	0
80	0	0
80	287	0
80	183	0
80	311	0
80	335	0
80	286	1
80	273	0
80	334	1
80	140	0
80	165	0
80	133	0
80	55	0
81	454	0
81	372	1
81	185	0
81	442	0
81	71	0
81	336	0
81	46	0
81	349	0
81	384	1
81	56	0
81	114	1
81	37	0
81	47	1
81	113	1
81	139	0
81	184	1
81	115	0
81	288	0
81	249	1
81	425	0
81	33	0
81	426	0
81	414	0
81	218	0
81	441	0
81	440	1
81	0	0
81	287	0
81	183	1
81	311	0
81	335	0
81	286	1
81	273	0
81	334	0
81	140	0
81	165	0
81	133	1
81	55	0
82	454	0
82	372	0
82	185	0
82	442	0
82	71	0
82	336	0
82	46	0
82	349	1
82	384	0
82	56	0
82	114	0
82	37	0
82	47	1
82	113	0
82	139	0
82	184	0
82	115	0
82	288	1
82	249	1
82	425	1
82	33	0
82	426	0
82	414	0
82	218	1
82	441	1
82	440	0
82	0	1
82	287	0
82	183	1
82	311	0
82	335	0
82	286	1
82	273	0
82	334	0
82	140	0
82	165	1
82	133	1
82	55	0
83	454	0
83	372	1
83	185	1
83	442	0
83	71	1
83	336	0
83	46	0
83	349	0
83	384	1
83	56	0
83	114	0
83	37	0
83	47	0
83	113	0
83	139	0
83	184	0
83	115	0
83	288	0
83	249	1
83	425	0
83	33	0
83	426	0
83	414	1
83	218	0
83	441	0
83	440	1
83	0	0
83	287	0
83	183	1
83	311	1
83	335	0
83	286	1
83	273	1
83	334	1
83	140	0
83	165	0
83	133	0
83	55	1
84	454	0
84	372	0
84	185	0
84	442	0
84	71	0
84	336	0
84	46	0
84	349	0
84	384	1
84	56	0
84	114	0
84	37	0
84	47	0
84	113	0
84	139	0
84	184	0
84	115	0
84	288	0
84	249	0
84	425	0
84	33	0
84	426	0
84	414	0
84	218	0
84	441	0
84	440	0
84	0	0
84	287	0
84	183	0
84	311	1
84	335	0
84	286	1
84	273	1
84	334	1
84	140	0
84	165	1
84	133	1
84	55	1
85	454	1
85	372	0
85	185	0
85	442	1
85	71	1
85	336	0
85	46	0
85	349	1
85	384	0
85	56	1
85	114	0
85	37	1
85	47	0
85	113	1
85	139	1
85	184	0
85	115	0
85	288	1
85	249	0
85	425	1
85	33	1
85	426	1
85	414	0
85	218	1
85	441	1
85	440	1
85	0	0
85	287	1
85	183	1
85	311	1
85	335	1
85	286	1
85	273	1
85	334	1
85	140	1
85	165	1
85	133	1
85	55	1
86	454	1
86	372	1
86	185	1
86	442	1
86	71	0
86	336	1
86	46	1
86	349	1
86	384	1
86	56	1
86	114	1
86	37	1
86	47	0
86	113	1
86	139	1
86	184	1
86	115	0
86	288	1
86	249	1
86	425	1
86	33	1
86	426	1
86	414	1
86	218	1
86	441	1
86	440	1
86	0	1
86	287	1
86	183	1
86	311	0
86	335	0
86	286	1
86	273	0
86	334	1
86	140	1
86	165	1
86	133	1
86	55	1
87	454	1
87	372	0
87	185	1
87	442	1
87	71	1
87	336	1
87	46	1
87	349	0
87	384	0
87	56	1
87	114	0
87	37	1
87	47	0
87	113	1
87	139	1
87	184	1
87	115	1
87	288	1
87	249	1
87	425	1
87	33	1
87	426	1
87	414	1
87	218	1
87	441	1
87	440	1
87	0	1
87	287	0
87	183	1
87	311	1
87	335	0
87	286	1
87	273	1
87	334	1
87	140	1
87	165	1
87	133	1
87	55	1
88	454	0
88	372	0
88	185	0
88	442	0
88	71	0
88	336	0
88	46	0
88	349	0
88	384	0
88	56	0
88	114	0
88	37	0
88	47	0
88	113	0
88	139	0
88	184	0
88	115	0
88	288	1
88	249	1
88	425	0
88	33	0
88	426	0
88	414	0
88	218	0
88	441	1
88	440	0
88	0	1
88	287	0
88	183	0
88	311	0
88	335	0
88	286	0
88	273	0
88	334	0
88	140	0
88	165	0
88	133	0
88	55	0
89	454	0
89	372	1
89	185	0
89	442	0
89	71	0
89	336	1
89	46	1
89	349	1
89	384	1
89	56	1
89	114	1
89	37	1
89	47	1
89	113	0
89	139	1
89	184	1
89	115	1
89	288	0
89	249	1
89	425	1
89	33	0
89	426	0
89	414	0
89	218	1
89	441	1
89	440	0
89	0	1
89	287	0
89	183	1
89	311	0
89	335	0
89	286	1
89	273	0
89	334	1
89	140	0
89	165	1
89	133	1
89	55	0
90	454	0
90	372	1
90	185	0
90	442	0
90	71	0
90	336	0
90	46	0
90	349	0
90	384	0
90	56	0
90	114	1
90	37	1
90	47	0
90	113	0
90	139	0
90	184	1
90	115	0
90	288	0
90	249	0
90	425	0
90	33	0
90	426	0
90	414	0
90	218	0
90	441	1
90	440	0
90	0	1
90	287	0
90	183	0
90	311	0
90	335	0
90	286	1
90	273	0
90	334	0
90	140	0
90	165	0
90	133	0
90	55	0
91	454	0
91	372	1
91	185	1
91	442	0
91	71	0
91	336	0
91	46	0
91	349	1
91	384	0
91	56	0
91	114	0
91	37	0
91	47	0
91	113	0
91	139	0
91	184	0
91	115	0
91	288	0
91	249	0
91	425	1
91	33	0
91	426	0
91	414	0
91	218	0
91	441	1
91	440	0
91	0	0
91	287	0
91	183	0
91	311	0
91	335	0
91	286	1
91	273	0
91	334	0
91	140	0
91	165	0
91	133	0
91	55	0
92	454	0
92	372	1
92	185	0
92	442	0
92	71	0
92	336	0
92	46	0
92	349	1
92	384	0
92	56	0
92	114	0
92	37	0
92	47	0
92	113	0
92	139	0
92	184	0
92	115	0
92	288	0
92	249	1
92	425	0
92	33	0
92	426	0
92	414	1
92	218	0
92	441	1
92	440	0
92	0	0
92	287	1
92	183	0
92	311	0
92	335	0
92	286	1
92	273	0
92	334	0
92	140	1
92	165	1
92	133	1
92	55	0
93	454	1
93	372	1
93	185	1
93	442	1
93	71	0
93	336	1
93	46	0
93	349	1
93	384	0
93	56	1
93	114	1
93	37	1
93	47	0
93	113	1
93	139	1
93	184	1
93	115	1
93	288	1
93	249	1
93	425	1
93	33	1
93	426	1
93	414	0
93	218	1
93	441	1
93	440	1
93	0	0
93	287	0
93	183	1
93	311	1
93	335	0
93	286	1
93	273	0
93	334	0
93	140	1
93	165	0
93	133	0
93	55	1
94	454	1
94	372	0
94	185	0
94	442	0
94	71	0
94	336	0
94	46	0
94	349	0
94	384	1
94	56	0
94	114	0
94	37	0
94	47	1
94	113	0
94	139	0
94	184	0
94	115	0
94	288	0
94	249	0
94	425	0
94	33	0
94	426	0
94	414	0
94	218	0
94	441	0
94	440	0
94	0	0
94	287	1
94	183	0
94	311	0
94	335	0
94	286	1
94	273	0
94	334	0
94	140	0
94	165	0
94	133	0
94	55	0
95	454	1
95	372	0
95	185	0
95	442	1
95	71	1
95	336	0
95	46	1
95	349	0
95	384	1
95	56	1
95	114	0
95	37	1
95	47	0
95	113	1
95	139	0
95	184	0
95	115	0
95	288	1
95	249	0
95	425	0
95	33	0
95	426	0
95	414	0
95	218	1
95	441	1
95	440	1
95	0	1
95	287	0
95	183	1
95	311	0
95	335	0
95	286	1
95	273	0
95	334	1
95	140	0
95	165	1
95	133	0
95	55	1
96	454	0
96	372	0
96	185	1
96	442	0
96	71	0
96	336	0
96	46	1
96	349	0
96	384	0
96	56	0
96	114	0
96	37	0
96	47	0
96	113	0
96	139	0
96	184	0
96	115	0
96	288	1
96	249	1
96	425	1
96	33	0
96	426	0
96	414	0
96	218	0
96	441	1
96	440	1
96	0	0
96	287	0
96	183	0
96	311	0
96	335	0
96	286	1
96	273	1
96	334	1
96	140	1
96	165	1
96	133	1
96	55	0
97	454	1
97	372	0
97	185	1
97	442	1
97	71	1
97	336	1
97	46	0
97	349	1
97	384	0
97	56	1
97	114	1
97	37	1
97	47	0
97	113	0
97	139	1
97	184	0
97	115	1
97	288	1
97	249	1
97	425	1
97	33	1
97	426	1
97	414	0
97	218	1
97	441	1
97	440	1
97	0	0
97	287	0
97	183	1
97	311	1
97	335	1
97	286	1
97	273	1
97	334	1
97	140	1
97	165	1
97	133	1
97	55	0
98	454	1
98	372	0
98	185	1
98	442	0
98	71	0
98	336	1
98	46	0
98	349	0
98	384	0
98	56	1
98	114	0
98	37	1
98	47	0
98	113	0
98	139	0
98	184	1
98	115	0
98	288	0
98	249	1
98	425	1
98	33	0
98	426	0
98	414	1
98	218	1
98	441	1
98	440	0
98	0	0
98	287	0
98	183	1
98	311	0
98	335	0
98	286	1
98	273	0
98	334	1
98	140	1
98	165	1
98	133	0
98	55	0
99	454	0
99	372	1
99	185	0
99	442	0
99	71	0
99	336	0
99	46	1
99	349	1
99	384	1
99	56	1
99	114	1
99	37	1
99	47	0
99	113	1
99	139	1
99	184	0
99	115	1
99	288	0
99	249	1
99	425	1
99	33	0
99	426	0
99	414	0
99	218	1
99	441	1
99	440	0
99	0	1
99	287	0
99	183	1
99	311	0
99	335	0
99	286	1
99	273	0
99	334	1
99	140	0
99	165	0
99	133	0
99	55	1
100	454	1
100	372	1
100	185	1
100	442	1
100	71	1
100	336	1
100	46	1
100	349	1
100	384	0
100	56	1
100	114	1
100	37	1
100	47	1
100	113	1
100	139	1
100	184	1
100	115	1
100	288	0
100	249	1
100	425	1
100	33	1
100	426	1
100	414	0
100	218	1
100	441	1
100	440	1
100	0	1
100	287	1
100	183	1
100	311	1
100	335	1
100	286	1
100	273	1
100	334	1
100	140	0
100	165	1
100	133	1
100	55	1
101	454	1
101	372	1
101	185	1
101	442	0
101	71	1
101	336	1
101	46	1
101	349	0
101	384	0
101	56	1
101	114	1
101	37	0
101	47	0
101	113	1
101	139	1
101	184	1
101	115	1
101	288	1
101	249	1
101	425	1
101	33	0
101	426	1
101	414	0
101	218	0
101	441	1
101	440	1
101	0	1
101	287	1
101	183	1
101	311	1
101	335	1
101	286	0
101	273	1
101	334	1
101	140	1
101	165	0
101	133	0
101	55	1
102	454	1
102	372	0
102	185	1
102	442	1
102	71	1
102	336	1
102	46	1
102	349	1
102	384	0
102	56	1
102	114	0
102	37	1
102	47	0
102	113	1
102	139	0
102	184	1
102	115	1
102	288	1
102	249	1
102	425	0
102	33	0
102	426	1
102	414	1
102	218	0
102	441	0
102	440	1
102	0	1
102	287	0
102	183	0
102	311	1
102	335	1
102	286	0
102	273	1
102	334	1
102	140	1
102	165	0
102	133	1
102	55	1
103	454	1
103	372	0
103	185	1
103	442	1
103	71	1
103	336	1
103	46	0
103	349	0
103	384	0
103	56	1
103	114	1
103	37	1
103	47	0
103	113	1
103	139	0
103	184	1
103	115	1
103	288	1
103	249	1
103	425	0
103	33	1
103	426	1
103	414	1
103	218	1
103	441	0
103	440	0
103	0	1
103	287	1
103	183	0
103	311	1
103	335	1
103	286	0
103	273	1
103	334	1
103	140	1
103	165	0
103	133	1
103	55	1
104	454	1
104	372	1
104	185	1
104	442	1
104	71	1
104	336	1
104	46	1
104	349	1
104	384	1
104	56	1
104	114	1
104	37	1
104	47	0
104	113	1
104	139	0
104	184	0
104	115	1
104	288	1
104	249	0
104	425	0
104	33	0
104	426	1
104	414	1
104	218	1
104	441	0
104	440	1
104	0	1
104	287	0
104	183	1
104	311	1
104	335	1
104	286	0
104	273	1
104	334	1
104	140	1
104	165	1
104	133	1
104	55	1
105	454	1
105	372	0
105	185	1
105	442	1
105	71	1
105	336	1
105	46	1
105	349	1
105	384	0
105	56	1
105	114	1
105	37	0
105	47	0
105	113	1
105	139	1
105	184	0
105	115	1
105	288	1
105	249	0
105	425	0
105	33	0
105	426	1
105	414	1
105	218	1
105	441	1
105	440	0
105	0	1
105	287	0
105	183	1
105	311	1
105	335	1
105	286	0
105	273	1
105	334	1
105	140	1
105	165	1
105	133	1
105	55	1
106	454	1
106	372	1
106	185	0
106	442	0
106	71	1
106	336	1
106	46	1
106	349	0
106	384	1
106	56	1
106	114	1
106	37	0
106	47	0
106	113	1
106	139	0
106	184	0
106	115	1
106	288	1
106	249	0
106	425	0
106	33	0
106	426	1
106	414	1
106	218	1
106	441	1
106	440	1
106	0	1
106	287	1
106	183	1
106	311	1
106	335	1
106	286	0
106	273	1
106	334	1
106	140	1
106	165	0
106	133	0
106	55	0
107	454	1
107	372	0
107	185	0
107	442	1
107	71	0
107	336	0
107	46	0
107	349	0
107	384	0
107	56	0
107	114	1
107	37	1
107	47	0
107	113	1
107	139	0
107	184	1
107	115	1
107	288	1
107	249	0
107	425	0
107	33	0
107	426	0
107	414	1
107	218	0
107	441	0
107	440	0
107	0	0
107	287	0
107	183	1
107	311	1
107	335	0
107	286	0
107	273	0
107	334	0
107	140	0
107	165	0
107	133	0
107	55	1
108	454	0
108	372	1
108	185	0
108	442	0
108	71	0
108	336	0
108	46	1
108	349	1
108	384	1
108	56	0
108	114	1
108	37	0
108	47	1
108	113	1
108	139	1
108	184	1
108	115	1
108	288	0
108	249	0
108	425	1
108	33	0
108	426	0
108	414	1
108	218	0
108	441	0
108	440	0
108	0	0
108	287	1
108	183	0
108	311	0
108	335	0
108	286	0
108	273	0
108	334	0
108	140	1
108	165	0
108	133	0
108	55	0
109	454	0
109	372	0
109	185	0
109	442	0
109	71	0
109	336	0
109	46	0
109	349	0
109	384	0
109	56	0
109	114	1
109	37	0
109	47	0
109	113	1
109	139	1
109	184	0
109	115	1
109	288	1
109	249	0
109	425	0
109	33	1
109	426	0
109	414	0
109	218	0
109	441	0
109	440	0
109	0	0
109	287	0
109	183	0
109	311	0
109	335	0
109	286	0
109	273	0
109	334	0
109	140	0
109	165	0
109	133	0
109	55	0
110	454	1
110	372	1
110	185	1
110	442	1
110	71	1
110	336	1
110	46	1
110	349	1
110	384	1
110	56	1
110	114	1
110	37	1
110	47	0
110	113	1
110	139	1
110	184	1
110	115	1
110	288	1
110	249	0
110	425	1
110	33	1
110	426	1
110	414	1
110	218	1
110	441	0
110	440	1
110	0	1
110	287	1
110	183	1
110	311	1
110	335	1
110	286	0
110	273	1
110	334	1
110	140	1
110	165	0
110	133	1
110	55	1
111	454	1
111	372	1
111	185	0
111	442	1
111	71	0
111	336	1
111	46	1
111	349	1
111	384	1
111	56	1
111	114	1
111	37	0
111	47	0
111	113	0
111	139	0
111	184	1
111	115	1
111	288	1
111	249	0
111	425	0
111	33	1
111	426	0
111	414	1
111	218	1
111	441	1
111	440	0
111	0	1
111	287	1
111	183	0
111	311	1
111	335	0
111	286	0
111	273	0
111	334	1
111	140	0
111	165	0
111	133	0
111	55	0
112	454	1
112	372	1
112	185	1
112	442	0
112	71	0
112	336	0
112	46	1
112	349	1
112	384	1
112	56	1
112	114	1
112	37	1
112	47	1
112	113	1
112	139	0
112	184	1
112	115	1
112	288	0
112	249	0
112	425	1
112	33	0
112	426	1
112	414	1
112	218	1
112	441	1
112	440	1
112	0	0
112	287	0
112	183	1
112	311	1
112	335	0
112	286	0
112	273	1
112	334	0
112	140	1
112	165	0
112	133	0
112	55	0
113	454	1
113	372	1
113	185	1
113	442	1
113	71	1
113	336	1
113	46	1
113	349	1
113	384	1
113	56	1
113	114	0
113	37	1
113	47	1
113	113	1
113	139	0
113	184	1
113	115	1
113	288	1
113	249	0
113	425	1
113	33	1
113	426	1
113	414	1
113	218	1
113	441	1
113	440	1
113	0	1
113	287	1
113	183	1
113	311	1
113	335	1
113	286	0
113	273	1
113	334	1
113	140	1
113	165	0
113	133	1
113	55	0
114	454	1
114	372	1
114	185	1
114	442	1
114	71	1
114	336	1
114	46	0
114	349	1
114	384	0
114	56	1
114	114	1
114	37	1
114	47	0
114	113	1
114	139	0
114	184	0
114	115	1
114	288	1
114	249	1
114	425	0
114	33	0
114	426	1
114	414	0
114	218	0
114	441	1
114	440	1
114	0	1
114	287	1
114	183	0
114	311	1
114	335	1
114	286	0
114	273	0
114	334	1
114	140	0
114	165	1
114	133	1
114	55	0
115	454	1
115	372	0
115	185	1
115	442	1
115	71	1
115	336	1
115	46	1
115	349	0
115	384	0
115	56	1
115	114	1
115	37	0
115	47	0
115	113	1
115	139	0
115	184	0
115	115	1
115	288	1
115	249	0
115	425	0
115	33	0
115	426	1
115	414	1
115	218	0
115	441	0
115	440	1
115	0	1
115	287	0
115	183	1
115	311	0
115	335	0
115	286	0
115	273	1
115	334	0
115	140	1
115	165	0
115	133	0
115	55	1
116	454	0
116	372	0
116	185	0
116	442	0
116	71	0
116	336	0
116	46	0
116	349	0
116	384	0
116	56	0
116	114	1
116	37	0
116	47	0
116	113	0
116	139	0
116	184	0
116	115	0
116	288	0
116	249	0
116	425	0
116	33	0
116	426	0
116	414	0
116	218	0
116	441	1
116	440	0
116	0	0
116	287	0
116	183	0
116	311	0
116	335	0
116	286	0
116	273	0
116	334	0
116	140	0
116	165	0
116	133	0
116	55	0
117	454	0
117	372	0
117	185	0
117	442	0
117	71	0
117	336	1
117	46	1
117	349	0
117	384	1
117	56	0
117	114	1
117	37	0
117	47	0
117	113	1
117	139	0
117	184	1
117	115	1
117	288	1
117	249	0
117	425	0
117	33	0
117	426	0
117	414	0
117	218	0
117	441	0
117	440	0
117	0	0
117	287	1
117	183	0
117	311	0
117	335	0
117	286	0
117	273	1
117	334	0
117	140	0
117	165	0
117	133	0
117	55	0
118	454	0
118	372	0
118	185	1
118	442	0
118	71	1
118	336	1
118	46	1
118	349	0
118	384	0
118	56	1
118	114	1
118	37	0
118	47	0
118	113	1
118	139	0
118	184	1
118	115	1
118	288	1
118	249	0
118	425	0
118	33	0
118	426	1
118	414	1
118	218	0
118	441	0
118	440	0
118	0	1
118	287	0
118	183	0
118	311	1
118	335	1
118	286	0
118	273	1
118	334	1
118	140	1
118	165	1
118	133	1
118	55	0
119	454	1
119	372	1
119	185	1
119	442	0
119	71	1
119	336	1
119	46	1
119	349	1
119	384	0
119	56	1
119	114	0
119	37	1
119	47	0
119	113	1
119	139	1
119	184	1
119	115	1
119	288	1
119	249	0
119	425	0
119	33	0
119	426	1
119	414	1
119	218	1
119	441	0
119	440	0
119	0	1
119	287	1
119	183	0
119	311	1
119	335	1
119	286	0
119	273	1
119	334	1
119	140	1
119	165	1
119	133	1
119	55	0
120	454	1
120	372	1
120	185	1
120	442	1
120	71	1
120	336	1
120	46	1
120	349	1
120	384	1
120	56	1
120	114	1
120	37	1
120	47	0
120	113	1
120	139	1
120	184	1
120	115	1
120	288	1
120	249	1
120	425	0
120	33	1
120	426	1
120	414	1
120	218	1
120	441	1
120	440	1
120	0	1
120	287	1
120	183	0
120	311	1
120	335	1
120	286	0
120	273	1
120	334	1
120	140	1
120	165	0
120	133	1
120	55	1
121	454	0
121	372	1
121	185	0
121	442	0
121	71	1
121	336	0
121	46	1
121	349	0
121	384	1
121	56	1
121	114	0
121	37	1
121	47	0
121	113	1
121	139	1
121	184	1
121	115	1
121	288	1
121	249	1
121	425	1
121	33	0
121	426	1
121	414	1
121	218	1
121	441	1
121	440	0
121	0	1
121	287	1
121	183	0
121	311	1
121	335	1
121	286	0
121	273	1
121	334	1
121	140	1
121	165	0
121	133	1
121	55	1
122	454	1
122	372	1
122	185	1
122	442	1
122	71	0
122	336	0
122	46	1
122	349	0
122	384	0
122	56	1
122	114	1
122	37	1
122	47	0
122	113	1
122	139	1
122	184	0
122	115	1
122	288	1
122	249	1
122	425	0
122	33	1
122	426	1
122	414	0
122	218	1
122	441	0
122	440	1
122	0	1
122	287	1
122	183	0
122	311	1
122	335	1
122	286	0
122	273	1
122	334	0
122	140	1
122	165	1
122	133	1
122	55	1
123	454	0
123	372	1
123	185	0
123	442	1
123	71	0
123	336	1
123	46	0
123	349	1
123	384	1
123	56	1
123	114	1
123	37	0
123	47	0
123	113	1
123	139	1
123	184	0
123	115	1
123	288	1
123	249	1
123	425	0
123	33	0
123	426	1
123	414	0
123	218	1
123	441	1
123	440	1
123	0	0
123	287	1
123	183	1
123	311	1
123	335	1
123	286	0
123	273	1
123	334	1
123	140	1
123	165	1
123	133	1
123	55	1
124	454	0
124	372	1
124	185	1
124	442	0
124	71	1
124	336	0
124	46	1
124	349	1
124	384	1
124	56	1
124	114	1
124	37	1
124	47	1
124	113	1
124	139	0
124	184	1
124	115	1
124	288	1
124	249	0
124	425	0
124	33	0
124	426	1
124	414	0
124	218	1
124	441	0
124	440	0
124	0	0
124	287	0
124	183	0
124	311	1
124	335	1
124	286	1
124	273	0
124	334	1
124	140	1
124	165	1
124	133	0
124	55	1
125	454	1
125	372	1
125	185	1
125	442	0
125	71	1
125	336	1
125	46	0
125	349	1
125	384	1
125	56	1
125	114	0
125	37	1
125	47	0
125	113	1
125	139	0
125	184	1
125	115	1
125	288	1
125	249	1
125	425	0
125	33	0
125	426	1
125	414	0
125	218	1
125	441	0
125	440	1
125	0	0
125	287	1
125	183	0
125	311	1
125	335	1
125	286	0
125	273	1
125	334	1
125	140	1
125	165	1
125	133	1
125	55	0
126	454	0
126	372	0
126	185	0
126	442	0
126	71	0
126	336	0
126	46	0
126	349	0
126	384	0
126	56	0
126	114	0
126	37	0
126	47	0
126	113	0
126	139	0
126	184	0
126	115	0
126	288	0
126	249	0
126	425	0
126	33	0
126	426	0
126	414	0
126	218	0
126	441	0
126	440	0
126	0	0
126	287	0
126	183	0
126	311	0
126	335	0
126	286	0
126	273	0
126	334	0
126	140	0
126	165	0
126	133	0
126	55	0
127	454	0
127	372	0
127	185	0
127	442	0
127	71	0
127	336	0
127	46	0
127	349	0
127	384	0
127	56	0
127	114	0
127	37	0
127	47	0
127	113	0
127	139	0
127	184	0
127	115	0
127	288	0
127	249	0
127	425	0
127	33	0
127	426	0
127	414	0
127	218	0
127	441	0
127	440	0
127	0	0
127	287	0
127	183	0
127	311	0
127	335	0
127	286	0
127	273	0
127	334	0
127	140	0
127	165	0
127	133	0
127	55	0
