20171684310268	0
20176807310177	1
20177402320036	2
20177402320040	3
20177403320063	4
20181685310139	5
20190411310052	6
20190412310044	7
20190506310002	8
20190602310011	9
20190602310050	10
20191687310001	11
20191687310002	12
20191687310004	13
20191687310009	14
20191687310011	15
20191687310015	16
20191687310016	17
20191687310017	18
20191687310020	19
20191687310028	20
20191687310033	21
20191687310035	22
20191687310038	23
20191687310055	24
20191687310056	25
20191687310060	26
20191687310067	27
20191687310071	28
20191687310074	29
20191687310079	30
20191687310080	31
20191687310087	32
20191687310088	33
20191687310094	34
20191687310099	35
20191687310100	36
20191687310102	37
20191687310103	38
20191687310106	39
20191687310108	40
20191687310109	41
20191687310110	42
20191687310114	43
20191687310118	44
20191687310122	45
20191687310123	46
20191687310126	47
20191687310130	48
20191687310138	49
20191687310142	50
20191687310150	51
20191687310153	52
20191687310158	53
20191687310162	54
20191687310164	55
20191687310165	56
20191687310170	57
20191687310174	58
20191687310176	59
20191687310177	60
20191687310178	61
20191687310182	62
20191687310185	63
20191687310196	64
20191687310197	65
20191687310198	66
20191687310199	67
20191687310201	68
20191687310203	69
20191687310205	70
20191687310207	71
20191687310209	72
20191687310212	73
20191687310216	74
20191687310218	75
20191687310219	76
20191687310232	77
20191687310233	78
20191687310237	79
20191687310238	80
20191687310250	81
20191687310252	82
20191687310253	83
20191687310255	84
20191687310257	85
20191687310258	86
20191687310264	87
20191687310273	88
20191687310276	89
20191687310280	90
20191687310281	91
20191687310283	92
20191687310290	93
20191687310294	94
20191687310298	95
20191687310299	96
20191687310303	97
20191687310307	98
20191687310310	99
20191687310312	100
20192111310040	101
20192111310092	102
20192113310037	103
20192211310003	104
20192211310150	105
20192211310168	106
20192211310189	107
20192581310098	108
20192581310230	109
20192681310153	110
20192783310342	111
20196601310017	112
20196601310039	113
20196601310078	114
20196801310099	115
20196805310008	116
20196805310010	117
20196805310037	118
20196805310073	119
20197001310028	120
20197001310099	121
20197001310142	122
20197001310168	123
20197201310042	124
20197203310002	125