20171684310268
20176807310177
20177402320036
20177402320040
20177403320063
20181685310139
20190411310052
20190412310044
20190506310002
20190602310011
20190602310050
20191687310001
20191687310002
20191687310004
20191687310009
20191687310011
20191687310015
20191687310016
20191687310017
20191687310020
20191687310028
20191687310033
20191687310035
20191687310038
20191687310055
20191687310056
20191687310060
20191687310067
20191687310071
20191687310074
20191687310079
20191687310080
20191687310087
20191687310088
20191687310094
20191687310099
20191687310100
20191687310102
20191687310103
20191687310106
20191687310108
20191687310109
20191687310110
20191687310114
20191687310118
20191687310122
20191687310123
20191687310126
20191687310130
20191687310138
20191687310142
20191687310150
20191687310153
20191687310158
20191687310162
20191687310164
20191687310165
20191687310170
20191687310174
20191687310176
20191687310177
20191687310178
20191687310182
20191687310185
20191687310196
20191687310197
20191687310198
20191687310199
20191687310201
20191687310203
20191687310205
20191687310207
20191687310209
20191687310212
20191687310216
20191687310218
20191687310219
20191687310232
20191687310233
20191687310237
20191687310238
20191687310250
20191687310252
20191687310253
20191687310255
20191687310257
20191687310258
20191687310264
20191687310273
20191687310276
20191687310280
20191687310281
20191687310283
20191687310290
20191687310294
20191687310298
20191687310299
20191687310303
20191687310307
20191687310310
20191687310312
20192111310040
20192111310092
20192113310037
20192211310003
20192211310150
20192211310168
20192211310189
20192581310098
20192581310230
20192681310153
20192783310342
20196601310017
20196601310039
20196601310078
20196801310099
20196805310008
20196805310010
20196805310037
20196805310073
20197001310028
20197001310099
20197001310142
20197001310168
20197201310042
20197203310002